 0 12.851891
 1 12.393318
 2 12.2322855
 3 12.01069
 4 11.690317
 5 11.257088
 6 10.746938
 7 10.239379
 8 9.806869
 9 9.478418
 10 9.244408
 11 9.078556
 12 8.954563
 13 8.852288
 14 8.757489
 15 8.659448
 16 8.548112
 17 8.411367
 18 8.235584
 19 8.014114
 20 7.756439
 21 7.4827647
 22 7.211276
 23 6.9528933
 24 6.712452
 25 6.4909096
 26 6.287113
 27 6.0990095
 28 5.9244103
 29 5.761338
 30 5.6081185
 31 5.4633503
 32 5.325883
 33 5.194764
 34 5.069235
 35 4.948707
 36 4.83276
 37 4.7210946
 38 4.6135345
 39 4.50998
 40 4.4103827
 41 4.314719
 42 4.222973
 43 4.135102
 44 4.051047
 45 3.9707196
 46 3.8940036
 47 3.82075
 48 3.7507918
 49 3.6839514
 50 3.6200373
 51 3.5588605
 52 3.5002408
 53 3.4440033
 54 3.3899887
 55 3.3380604
 56 3.2880926
 57 3.2399874
 58 3.1936574
 59 3.149037
 60 3.10607
 61 3.064711
 62 3.024917
 63 2.9866505
 64 2.9498677
 65 2.9145226
 66 2.8805618
 67 2.8479235
 68 2.8165352
 69 2.7863214
 70 2.7571912
 71 2.7290525
 72 2.7018082
 73 2.6753469
 74 2.649567
 75 2.6243548
 76 2.5995963
 77 2.575185
 78 2.5510087
 79 2.526957
 80 2.5029323
 81 2.478835
 82 2.4545743
 83 2.430074
 84 2.4052641
 85 2.3800938
 86 2.3545308
 87 2.3285604
 88 2.3022006
 89 2.2754846
 90 2.24848
 91 2.2212703
 92 2.193961
 93 2.1666543
 94 2.139464
 95 2.1124814
 96 2.085786
 97 2.0594394
 98 2.0334704
 99 2.0079052
 100 1.9827374
 101 1.9579588
 102 1.9335413
 103 1.9094607
 104 1.88568
 105 1.8621682
 106 1.8388869
 107 1.8158095
 108 1.7929072
 109 1.7701659
 110 1.7475764
 111 1.7251388
 112 1.7028677
 113 1.6807854
 114 1.658925
 115 1.6373265
 116 1.6160318
 117 1.5950835
 118 1.574526
 119 1.5543938
 120 1.5347145
 121 1.5155095
 122 1.4967911
 123 1.478559
 124 1.4608053
 125 1.4435229
 126 1.4266895
 127 1.410287
 128 1.3942921
 129 1.3786784
 130 1.3634233
 131 1.3485011
 132 1.333886
 133 1.3195577
 134 1.3054914
 135 1.291667
 136 1.2780658
 137 1.2646692
 138 1.2514595
 139 1.2384241
 140 1.2255473
 141 1.2128173
 142 1.2002238
 143 1.1877557
 144 1.1754049
 145 1.1631625
 146 1.1510221
 147 1.1389773
 148 1.1270223
 149 1.1151537
 150 1.1033669
 151 1.091658
 152 1.0800259
 153 1.0684683
 154 1.0569835
 155 1.0455717
 156 1.0342343
 157 1.0229706
 158 1.0117795
 159 1.0006683
 160 0.9896351
 161 0.9786806
 162 0.9678111
 163 0.9570239
 164 0.94632363
 165 0.93570876
 166 0.92518246
 167 0.91473997
 168 0.9043808
 169 0.8941024
 170 0.88390076
 171 0.87376845
 172 0.8637014
 173 0.853689
 174 0.8437225
 175 0.8337941
 176 0.8238915
 177 0.8140046
 178 0.80412066
 179 0.7942321
 180 0.7843243
 181 0.7743886
 182 0.7644157
 183 0.75439626
 184 0.7443227
 185 0.73418784
 186 0.7239875
 187 0.71371573
 188 0.7033711
 189 0.69295436
 190 0.68246484
 191 0.67190725
 192 0.66128784
 193 0.65061384
 194 0.6398968
 195 0.629149
 196 0.61838657
 197 0.6076262
 198 0.59688705
 199 0.586189
 200 0.5755539
 201 0.5650007
 202 0.55455166
 203 0.54422504
 204 0.53404063
 205 0.5240152
 206 0.5141624
 207 0.5044969
 208 0.49502718
 209 0.4857643
 210 0.476715
 211 0.4678837
 212 0.45927456
 213 0.45088843
 214 0.4427259
 215 0.4347867
 216 0.42706853
 217 0.41956884
 218 0.4122825
 219 0.40520692
 220 0.39833567
 221 0.39166513
 222 0.3851885
 223 0.37889946
 224 0.3727929
 225 0.36686286
 226 0.3611025
 227 0.355507
 228 0.35006952
 229 0.3447851
 230 0.3396466
 231 0.33464968
 232 0.32978857
 233 0.32505777
 234 0.32045338
 235 0.31596956
 236 0.31160188
 237 0.30734587
 238 0.30319738
 239 0.29915273
 240 0.29520717
 241 0.29135776
 242 0.28760004
 243 0.28393155
 244 0.28034884
 245 0.27684832
 246 0.27342752
 247 0.27008376
 248 0.2668144
 249 0.263616
 250 0.26048705
 251 0.25742456
 252 0.25442687
 253 0.25149202
 254 0.24861749
 255 0.24580154
 256 0.2430422
 257 0.24033794
 258 0.23768716
 259 0.23508789
 260 0.23253854
 261 0.23003802
 262 0.22758491
 263 0.2251775
 264 0.22281475
 265 0.22049527
 266 0.21821792
 267 0.21598153
 268 0.21378487
 269 0.21162714
 270 0.20950718
 271 0.20742409
 272 0.20537667
 273 0.2033644
 274 0.20138592
 275 0.19944082
 276 0.19752818
 277 0.1956468
 278 0.19379623
 279 0.19197585
 280 0.19018476
 281 0.18842247
 282 0.18668807
 283 0.18498081
 284 0.18330042
 285 0.18164627
 286 0.18001755
 287 0.17841373
 288 0.1768346
 289 0.1752791
 290 0.17374697
 291 0.17223778
 292 0.170751
 293 0.1692858
 294 0.16784228
 295 0.16641998
 296 0.16501781
 297 0.16363616
 298 0.1622742
 299 0.16093136
 300 0.15960775
 301 0.1583024
 302 0.15701537
 303 0.15574619
 304 0.1544946
 305 0.15326004
 306 0.15204242
 307 0.15084131
 308 0.14965652
 309 0.14848745
 310 0.14733414
 311 0.14619601
 312 0.14507304
 313 0.14396465
 314 0.14287095
 315 0.14179125
 316 0.14072557
 317 0.13967352
 318 0.13863501
 319 0.13760981
 320 0.13659751
 321 0.1355981
 322 0.13461131
 323 0.1336364
 324 0.13267393
 325 0.13172325
 326 0.13078403
 327 0.12985685
 328 0.12894066
 329 0.12803559
 330 0.12714145
 331 0.12625818
 332 0.12538537
 333 0.12452311
 334 0.123670906
 335 0.12282894
 336 0.121996745
 337 0.121174365
 338 0.12036157
 339 0.11955821
 340 0.118764095
 341 0.11797921
 342 0.117203236
 343 0.11643596
 344 0.11567736
 345 0.11492752
 346 0.11418604
 347 0.113453075
 348 0.11272807
 349 0.11201116
 350 0.111301966
 351 0.11060089
 352 0.109907284
 353 0.10922143
 354 0.10854303
 355 0.10787188
 356 0.10720807
 357 0.1065514
 358 0.10590169
 359 0.10525898
 360 0.104623035
 361 0.10399386
 362 0.10337122
 363 0.10275525
 364 0.10214558
 365 0.10154218
 366 0.1009452
 367 0.100354396
 368 0.099769525
